P01 = [7 19 24 25 26 28 32 33 36 45 48 56];
P02 = [1   6  14  16  17  21 23 24 37];
S01 = [16 22 24 29 30 31 35 40 41 42 47 50];
S02 = [17 24 29 31 36 45 48 50 56 57];
S03 = [6   9  17  18  24  29  31  36  41  42  43  45  52];
S04 = [19  41  45  50  51  64  67];
S05 = [2   7  12  21  22  23  28  30  34  46  60];
S06 = [16  32  39  40  42  48  52  56  59];
S07 = [2   8  15  16  32  33  34];
S08 = [9  13  21  26  31  32  33  39  51  56];
S09 = [];
S10 = [17  19  21  23  26  32  33  38  48  56  62  65  66];
S11 = [12  15  17  19  23  24  26  28  34  37  41  44  45  48  58];
S12 = [11  14  17  24  26  29  31  41  47  51];
S13 = [4  19  40  44];
S14 = [14  27  31  40  55];
S15 = [15  17  19  25  28  32  35  45  47  60];
S16 = [1  10  16  25  27  34  35  47  48];